%% parameters
m1 = 100;
k1 = 50;
b = 50;
m2 = 200;
k12 = 100;